This list from *** directory, ### pdbs, *** tolerances, etc 
saved at: 2013/03/01 17:36:33


RT -0.497865 0.287567 0.81819 0.171833 0.957431 -0.231946 -0.850061 0.0251142 -0.526085 -3.53881 4.99285 -2.73736  ,1a7uA.pdb,2 A,17 A,6.70409770215,0.133333333333,0.866666666667,0.0,
RT -0.56391 -0.381779 -0.732291 -0.145306 -0.827024 0.543063 -0.812953 0.412645 0.410892 -1.74941 4.37526 0.317874  ,1a7uA.pdb,2 A,18 A,4.72275184612,0.125,0.875,0.0,
RT -0.289721 0.44369 0.848057 0.2976 0.883899 -0.360773 -0.909668 0.147859 -0.388126 0.305665 4.9048 3.28055  ,1a7uA.pdb,2 A,19 A,5.90868124034,0.117647058824,0.882352941176,0.0,
RT -0.479441 0.354839 -0.802637 -0.210441 -0.934409 -0.287391 -0.851969 0.031121 0.522667 1.3465 3.83566 6.54858  ,1a7uA.pdb,2 A,20 A,7.7077367625,0.111111111111,0.888888888889,0.0,
RT -0.737768 0.105218 -0.666804 0.668886 -0.0192901 -0.743115 -0.0910517 -0.994262 -0.0561471 -5.15979 -0.739343 3.71799  ,1a7uA.pdb,3 A,16 A,6.40261266984,0.153846153846,0.846153846154,0.0,
RT -0.513022 -0.265519 0.816277 0.403079 -0.914106 -0.0440108 0.75785 0.306445 0.575982 -2.57578 -3.08209 4.03689  ,1a7uA.pdb,3 A,17 A,5.69477146161,0.142857142857,0.857142857143,0.0,
RT -0.400333 0.116391 -0.908948 0.675719 0.707494 -0.207016 0.618981 -0.697069 -0.361881 -0.731906 -4.53081 1.31307  ,1a7uA.pdb,3 A,18 A,4.77369092003,0.133333333333,0.866666666667,0.0,
RT -0.403609 -0.0941967 0.91007 0.219435 -0.97562 -0.0036637 0.888228 0.198223 0.414439 0.727044 -6.99336 -0.942704  ,1a7uA.pdb,3 A,19 A,7.09396969263,0.125,0.875,0.0,
RT -0.722958 0.685651 0.0849343 0.0355338 0.159673 -0.98653 -0.689978 -0.710202 -0.1398 -3.32204 3.74346 -4.26534  ,1a7uA.pdb,4 A,15 A,6.57591020316,0.181818181818,0.818181818182,0.0,
RT -0.994946 0.0932215 -0.0373153 -0.0915149 -0.688904 0.719053 0.0413245 0.718834 0.693953 -0.73006 3.61606 -1.7916  ,1a7uA.pdb,4 A,16 A,4.10106156989,0.166666666667,0.833333333333,0.0,
RT -0.652174 0.380526 0.655645 0.508636 0.860959 0.00625685 -0.562102 0.337565 -0.755044 2.75471 3.93659 -1.93634  ,1a7uA.pdb,4 A,17 A,5.1802056909,0.153846153846,0.846153846154,0.0,
RT -0.73992 -0.363022 -0.566333 0.204629 -0.923455 0.324589 -0.640816 0.124282 0.757568 5.09871 2.10848 0.0839336  ,1a7uA.pdb,4 A,18 A,5.51811181474,0.142857142857,0.857142857143,0.0,
RT -0.538609 0.601016 -0.590491 0.670446 -0.11874 -0.732395 -0.510296 -0.790367 -0.338995 -1.18835 -2.5825 3.94557  ,1a7uA.pdb,5 A,16 A,4.8630242648,0.181818181818,0.818181818182,0.0,
RT -0.801891 -0.445971 0.397594 0.485059 -0.874478 -0.00258238 0.348838 0.190786 0.917558 0.698115 -4.93072 5.73287  ,1a7uA.pdb,5 A,17 A,7.59375309053,0.166666666667,0.833333333333,0.0,
RT -0.389344 -0.0242897 -0.920772 0.708661 0.630682 -0.316291 0.588397 -0.775661 -0.228339 -1.95823 -6.38231 -4.18918  ,1a7uA.pdb,5 A,84 A,7.88148399732,0.379746835443,0.303797468354,0.316455696203,
RT -0.97302 -0.00601337 -0.230641 0.164112 -0.720684 -0.673559 -0.162169 -0.693237 0.702227 -0.278577 -6.77757 4.21444  ,1a7uA.pdb,6 A,80 A,7.98589982406,0.405405405405,0.310810810811,0.283783783784,
RT -0.708801 -0.358907 -0.607279 0.697928 -0.231763 -0.67763 0.102462 -0.904141 0.414765 4.76483 -6.14495 0.584469  ,1a7uA.pdb,6 A,84 A,7.79779109748,0.384615384615,0.294871794872,0.320512820513,
RT -0.589952 0.468876 0.657353 0.525895 0.840891 -0.127817 -0.612692 0.270293 -0.742664 -6.02038 -2.73463 2.42016  ,1a7uA.pdb,14 A,66 A,7.04133005902,0.423076923077,0.326923076923,0.25,
RT -0.731182 0.263021 -0.629439 -0.346683 -0.93792 0.0107967 -0.587523 0.22611 0.776975 -3.89136 -4.63248 4.63125  ,1a7uA.pdb,14 A,67 A,7.61912127479,0.433962264151,0.320754716981,0.245283018868,
RT -0.776505 -0.103212 0.621601 0.0287136 0.979673 0.198536 -0.629457 0.172013 -0.757757 -1.64681 -3.56825 6.4348  ,1a7uA.pdb,14 A,68 A,7.53996266569,0.444444444444,0.314814814815,0.240740740741,
RT -0.853832 0.385079 -0.350263 0.519646 0.59095 -0.617046 -0.0306232 -0.708867 -0.704678 -4.16069 5.89212 -2.08566  ,1a7uA.pdb,15 A,65 A,7.50855631929,0.42,0.32,0.26,
RT -0.772877 -0.00856817 0.634498 -0.234607 -0.925201 -0.298267 0.589594 -0.379381 0.713056 -1.03686 3.99094 -1.97362  ,1a7uA.pdb,15 A,66 A,4.57141991071,0.43137254902,0.313725490196,0.254901960784,
RT -0.463897 0.692615 -0.552344 0.590952 0.706436 0.389517 0.659981 -0.145713 -0.737016 1.7523 4.83759 -4.10135  ,1a7uA.pdb,15 A,67 A,6.57981473903,0.442307692308,0.307692307692,0.25,
RT -0.689014 -0.574394 0.441963 0.284337 -0.775163 -0.564158 0.666643 -0.263046 0.69742 3.17635 3.02352 -6.12733  ,1a7uA.pdb,15 A,68 A,7.53492070297,0.452830188679,0.301886792453,0.245283018868,
RT -0.38888 0.838442 -0.381822 0.746137 0.0435171 -0.664369 -0.540419 -0.543251 -0.642515 -5.93911 -0.13402 3.94681  ,1a7uA.pdb,16 A,58 A,7.13220540927,0.333333333333,0.357142857143,0.309523809524,
RT -0.908101 -0.403048 -0.113597 0.399004 -0.75051 -0.526812 0.127075 -0.523724 0.842357 -4.58609 -2.73005 5.82708  ,1a7uA.pdb,16 A,59 A,7.90191660295,0.348837209302,0.348837209302,0.302325581395,
RT 0.0392873 -0.994792 0.0940451 0.8448 -0.0171955 -0.534806 0.533638 0.10046 0.839725 -1.313 -4.16818 5.36907  ,1a7uA.pdb,16 A,60 A,6.92275920425,0.363636363636,0.340909090909,0.295454545455,
RT -0.964383 -0.16436 0.207246 0.194717 -0.971431 0.13567 0.179027 0.171192 0.968836 -4.67419 -4.16565 -0.444418  ,1a7uA.pdb,16 A,65 A,6.27679767079,0.428571428571,0.30612244898,0.265306122449,
RT -0.361023 0.665941 0.652828 0.931041 0.297287 0.211621 -0.0531499 0.68421 -0.727346 -1.1459 -4.87804 -1.09941  ,1a7uA.pdb,16 A,66 A,5.13001686157,0.44,0.3,0.26,
RT -0.898151 0.405566 0.169829 0.241962 0.778403 -0.579261 -0.367124 -0.479172 -0.797254 -4.52783 5.30371 -1.7334  ,1a7uA.pdb,17 A,57 A,7.18576857406,0.325,0.35,0.325,
RT -0.833493 0.450065 0.320517 -0.516062 -0.841367 -0.160567 0.197407 -0.299238 0.933535 -1.3018 4.43462 -0.414745  ,1a7uA.pdb,17 A,58 A,4.64031496776,0.341463414634,0.341463414634,0.317073170732,
RT -0.851172 0.378452 0.363703 0.383641 -0.0243399 0.923161 0.358225 0.925301 -0.124472 1.59816 6.23015 -1.10158  ,1a7uA.pdb,17 A,59 A,6.52551201056,0.357142857143,0.333333333333,0.309523809524,
RT -0.665977 -0.562067 0.490465 0.164266 0.53085 0.831394 -0.727662 0.634255 -0.261205 4.66606 4.84738 -2.39274  ,1a7uA.pdb,17 A,60 A,7.14103563918,0.372093023256,0.325581395349,0.302325581395,
RT -0.449077 0.797157 0.403572 0.495069 -0.154008 0.855096 0.743799 0.583799 -0.325486 1.47321 2.83057 5.12852  ,1a7uA.pdb,17 A,64 A,6.04021208237,0.425531914894,0.297872340426,0.276595744681,
RT -0.717219 0.696784 0.00941078 0.516542 0.522529 0.678342 0.46774 0.491381 -0.734686 2.71753 1.45881 3.06757  ,1a7uA.pdb,17 A,65 A,4.35006781556,0.4375,0.291666666667,0.270833333333,
RT -0.968106 0.143282 0.205528 -0.177776 0.185191 -0.966488 -0.176543 -0.972201 -0.153812 5.34155 -0.431009 1.3563  ,1a7uA.pdb,17 A,66 A,5.5278773503,0.448979591837,0.285714285714,0.265306122449,
RT -0.907916 0.257911 -0.330411 0.414223 0.431538 -0.80137 -0.0640972 -0.86444 -0.498633 -5.87057 -2.36232 2.99412  ,1a7uA.pdb,18 A,56 A,7.00063204289,0.315789473684,0.342105263158,0.342105263158,
RT -0.928246 0.133596 0.347149 0.180273 -0.654772 0.734013 0.325364 0.743926 0.583706 -2.59025 -3.85891 3.2257  ,1a7uA.pdb,18 A,57 A,5.65736519945,0.333333333333,0.333333333333,0.333333333333,
RT -0.62317 0.696807 0.355133 0.645675 0.71461 -0.26914 -0.44132 0.0615806 -0.895234 0.743871 -4.50643 2.05704  ,1a7uA.pdb,18 A,58 A,5.00925523406,0.35,0.325,0.325,
RT -0.584468 0.804326 0.107035 -0.556371 -0.301235 -0.774409 -0.590635 -0.512168 0.623566 3.88739 -5.7887 -3.3721  ,1a7uA.pdb,18 A,64 A,7.7454411753,0.434782608696,0.282608695652,0.282608695652,
RT -0.845264 0.491647 -0.209311 -0.401107 -0.842597 -0.359365 -0.353046 -0.219803 0.90942 5.50686 -4.24708 -1.73555  ,1a7uA.pdb,18 A,65 A,7.16765645103,0.446808510638,0.276595744681,0.276595744681,
RT -0.901011 0.417469 -0.11789 0.263745 0.311426 -0.912936 -0.344409 -0.853659 -0.390704 -3.82206 4.65159 -3.43043  ,1a7uA.pdb,19 A,55 A,6.92915752455,0.333333333333,0.305555555556,0.361111111111,
RT -0.992109 0.00124778 0.125368 0.0913754 -0.677477 0.729846 0.0858449 0.735543 0.672017 -0.70691 3.73972 -2.23967  ,1a7uA.pdb,19 A,56 A,4.41603691108,0.324324324324,0.324324324324,0.351351351351,
RT -0.890065 0.449357 -0.0765679 0.381959 0.643544 -0.663294 -0.248781 -0.619621 -0.744432 2.8776 3.40958 -2.54983  ,1a7uA.pdb,19 A,57 A,5.13881834666,0.342105263158,0.315789473684,0.342105263158,
RT -0.865572 0.233928 0.442789 -0.32637 -0.934134 -0.144484 0.379826 -0.269574 0.884908 6.07458 2.03764 -1.65625  ,1a7uA.pdb,19 A,58 A,6.61782993133,0.358974358974,0.307692307692,0.333333333333,
RT -0.894146 0.310574 -0.322563 0.447361 0.650592 -0.613676 0.0192657 -0.693018 -0.720663 -5.72715 -3.59496 0.338559  ,1a7uA.pdb,20 A,54 A,6.77042059255,0.352941176471,0.264705882353,0.382352941176,
RT -0.905405 0.191979 0.378662 -0.0219907 -0.911928 0.40976 0.423978 0.362672 0.829886 -2.63608 -5.14149 0.271957  ,1a7uA.pdb,20 A,55 A,5.78427091343,0.342857142857,0.285714285714,0.371428571429,
RT -0.892513 0.356536 -0.276228 0.399038 0.909671 -0.11518 0.210211 -0.213026 -0.954165 0.494261 -5.06546 -1.1939  ,1a7uA.pdb,20 A,56 A,5.22767500903,0.333333333333,0.305555555556,0.361111111111,
RT -0.958114 0.044862 0.282851 -0.045092 -0.998967 0.00570041 0.282815 -0.00729269 0.959147 3.71892 -6.50719 -1.9534  ,1a7uA.pdb,20 A,57 A,7.74530218907,0.351351351351,0.297297297297,0.351351351351,
RT -0.779204 0.621079 0.0842733 0.626222 0.777075 0.0632394 -0.02621 0.10205 -0.994434 -3.72198 5.34236 2.71381  ,1a7uA.pdb,21 A,53 A,7.05398511481,0.375,0.21875,0.40625,
RT -0.994404 0.0616063 -0.0858267 -0.0584759 -0.997545 -0.0385245 -0.0879894 -0.0332901 0.995565 -1.04391 3.19008 2.8039  ,1a7uA.pdb,21 A,54 A,4.37357931219,0.363636363636,0.242424242424,0.393939393939,
RT -0.83968 0.500781 0.210134 0.540637 0.807461 0.236046 -0.0514675 0.311809 -0.94875 2.39375 3.39223 3.10808  ,1a7uA.pdb,21 A,55 A,5.18627158949,0.352941176471,0.264705882353,0.382352941176,
RT -0.975861 0.0134022 -0.217983 0.109696 -0.832992 -0.542301 -0.188846 -0.553122 0.811414 5.29685 1.52304 3.28602  ,1a7uA.pdb,21 A,56 A,6.41671107344,0.342857142857,0.285714285714,0.371428571429,
RT 0.251571 -0.917781 0.30723 0.966308 0.220336 -0.133042 0.0544102 0.330348 0.94229 -1.67225 -2.23926 7.01902  ,1a7uA.pdb,22 A,48 A,7.5549573791,0.307692307692,0.192307692308,0.5,
RT -0.365354 0.906642 -0.210989 -0.827423 -0.212456 0.51984 0.426483 0.364503 0.827798 -5.73158 -0.640545 4.85773  ,1a7uA.pdb,22 A,52 A,7.54048280948,0.366666666667,0.2,0.433333333333,
RT -0.962662 -0.270695 -0.00240643 -0.257442 0.912713 0.317298 -0.0836946 0.306071 -0.948323 -4.40021 2.37462 3.30361  ,1a7uA.pdb,22 A,53 A,5.9928736012,0.354838709677,0.225806451613,0.41935483871,
RT -0.530968 0.847188 -0.018599 -0.804008 -0.510595 -0.304736 -0.267665 -0.146851 0.952255 -1.09161 3.25943 3.59126  ,1a7uA.pdb,22 A,54 A,4.97118517056,0.34375,0.25,0.40625,
RT -0.928236 -0.365396 -0.0697337 -0.348647 0.789201 0.505577 -0.129702 0.493607 -0.859959 0.743947 6.0389 4.51658  ,1a7uA.pdb,22 A,55 A,7.57768163755,0.333333333333,0.272727272727,0.393939393939,
RT -0.252029 -0.908589 0.333086 0.346282 0.236733 0.90777 -0.903643 0.344126 0.254964 2.87811 6.39369 3.04987  ,1a7uA.pdb,23 A,48 A,7.64621252647,0.28,0.2,0.52,
RT 0.31746 0.804672 0.501719 -0.0126409 -0.52545 0.850731 0.948187 -0.276415 -0.156638 -0.538571 4.1206 5.65696  ,1a7uA.pdb,23 A,51 A,7.0193037404,0.357142857143,0.178571428571,0.464285714286,
RT 0.0849344 0.895021 -0.437861 0.131755 0.425502 0.895315 0.987637 -0.133733 -0.0817836 -1.44519 4.1567 2.94909  ,1a7uA.pdb,23 A,52 A,5.29753206692,0.344827586207,0.206896551724,0.448275862069,
RT -0.714584 -0.681714 -0.156957 -0.291379 0.494032 -0.819164 0.635978 -0.539628 -0.551665 -1.75469 3.67658 -0.64991  ,1a7uA.pdb,23 A,53 A,4.12535804507,0.333333333333,0.233333333333,0.433333333333,
RT -0.0710435 0.988635 0.132492 -0.547776 -0.149675 0.823127 0.833603 -0.014098 0.552184 0.70128 4.67803 -2.83572  ,1a7uA.pdb,23 A,54 A,5.51516608997,0.322580645161,0.258064516129,0.41935483871,
RT 0.218596 0.92536 -0.309716 -0.771374 0.358258 0.52596 0.59766 0.123934 0.792112 -1.10895 -3.12628 6.86457  ,1a7uA.pdb,24 A,51 A,7.6240200026,0.333333333333,0.185185185185,0.481481481481,
RT -0.0432035 0.269294 -0.962088 -0.84 0.511541 0.180904 0.540864 0.81597 0.204107 -1.73323 -0.923357 5.15774  ,1a7uA.pdb,24 A,52 A,5.51896493919,0.321428571429,0.214285714286,0.464285714286,
RT -0.25138 -0.820737 0.51303 -0.878481 0.415975 0.235023 -0.406299 -0.391607 -0.825569 -1.57579 2.13764 3.18681  ,1a7uA.pdb,24 A,53 A,4.14829904901,0.310344827586,0.241379310345,0.448275862069,
RT 0.3654 0.763758 -0.532125 -0.930087 0.276405 -0.241949 -0.0377081 0.58333 0.811359 -0.711821 5.15692 4.58323  ,1a7uA.pdb,24 A,54 A,6.93588098225,0.3,0.266666666667,0.433333333333,
RT 0.800968 -0.0486844 -0.596725 0.595583 0.166478 0.785853 0.0610827 -0.984843 0.162339 3.75559 6.91812 -1.09533  ,1a7uA.pdb,25 A,51 A,7.94761819667,0.346153846154,0.153846153846,0.5,
RT 0.783675 -0.400736 -0.47462 0.527214 0.833147 0.167065 0.32848 -0.381152 0.86419 1.46815 5.21723 -1.26977  ,1a7uA.pdb,25 A,52 A,5.56662231519,0.333333333333,0.185185185185,0.481481481481,
RT 0.754654 -0.65323 -0.0615404 -0.428097 -0.419136 -0.800661 0.497222 0.630567 -0.595949 -1.3876 3.29604 -2.46677  ,1a7uA.pdb,25 A,53 A,4.34444806621,0.321428571429,0.214285714286,0.464285714286,
RT 0.99783 -0.0218754 0.0621017 -0.03535 0.617737 0.78559 -0.0555476 -0.786081 0.615623 -3.98129 4.76737 -4.17568  ,1a7uA.pdb,25 A,54 A,7.48430577943,0.310344827586,0.241379310345,0.448275862069,
RT 0.0448158 -0.90764 -0.41735 -0.827743 -0.267638 0.493166 -0.559315 0.323357 -0.763287 -1.22004 -7.18863 -0.592483  ,1a7uA.pdb,26 A,52 A,7.31545494142,0.346153846154,0.153846153846,0.5,
RT 0.793934 -0.0536606 0.605631 -0.210784 0.91003 0.356953 -0.570297 -0.411055 0.711193 -1.38335 -4.17229 1.44569  ,1a7uA.pdb,26 A,53 A,4.62727846579,0.333333333333,0.185185185185,0.481481481481,
RT 0.623993 -0.508665 -0.593205 -0.767653 -0.540937 -0.34365 -0.146084 0.669811 -0.72802 -4.11204 -3.44784 3.40576  ,1a7uA.pdb,26 A,54 A,6.3557600647,0.321428571429,0.214285714286,0.464285714286,
RT 0.803891 -0.0982091 0.586612 -0.301395 0.783005 0.544118 -0.512758 -0.614214 0.599851 -6.26919 -0.794057 3.91077  ,1a7uA.pdb,26 A,55 A,7.43151687073,0.310344827586,0.241379310345,0.448275862069,
RT -0.128257 -0.937818 0.322565 0.0495466 -0.330904 -0.942363 0.990503 -0.104882 0.0889064 2.36811 6.15804 1.60169  ,1a7uA.pdb,26 A,91 A,6.78931218902,0.446153846154,0.123076923077,0.430769230769,
RT 0.931087 0.364286 -0.0193172 0.3328 -0.82654 0.453955 0.149403 -0.4291 -0.890815 2.82628 5.98104 -1.93669  ,1a7uA.pdb,26 A,92 A,6.89285673723,0.439393939394,0.136363636364,0.424242424242,
RT 0.858416 -0.443524 -0.2577 0.464325 0.885369 0.0228993 0.218003 -0.139313 0.965954 0.225972 5.05161 -2.35394  ,1a7uA.pdb,26 A,93 A,5.57770723506,0.432835820896,0.149253731343,0.417910447761,
RT 0.899658 -0.434368 0.0440355 -0.358958 -0.793321 -0.491723 0.248523 0.426576 -0.869638 -2.87268 3.37552 -3.14087  ,1a7uA.pdb,26 A,94 A,5.43244567391,0.426470588235,0.161764705882,0.411764705882,
RT 0.491059 -0.61259 -0.61935 0.366006 0.790265 -0.491447 0.790507 0.0146438 0.612278 5.84619 4.05791 2.56525  ,1a7uA.pdb,27 A,52 A,7.56472960521,0.36,0.12,0.52,
RT 0.779631 -0.543548 0.311017 -0.476992 -0.837218 -0.267479 0.405776 0.0601822 -0.911989 4.05675 2.72417 -0.315397  ,1a7uA.pdb,27 A,53 A,4.89671491921,0.346153846154,0.153846153846,0.5,
RT 0.942617 -0.129088 -0.307912 0.209403 0.946876 0.244083 0.260046 -0.294554 0.919573 1.37722 4.36356 -1.71002  ,1a7uA.pdb,27 A,54 A,4.88482579014,0.333333333333,0.185185185185,0.481481481481,
RT 0.837611 -0.511208 0.192548 -0.388843 -0.805529 -0.447127 0.383678 0.299648 -0.8735 -1.88142 3.63965 -2.609  ,1a7uA.pdb,27 A,55 A,4.85733074847,0.321428571429,0.214285714286,0.464285714286,
RT 0.978808 0.12951 -0.158625 0.0242761 0.695765 0.717859 0.203335 -0.706497 0.677876 -4.77736 4.98403 -3.93553  ,1a7uA.pdb,27 A,56 A,7.9468309407,0.310344827586,0.241379310345,0.448275862069,
RT 0.463636 -0.856157 -0.228115 -0.684133 -0.509526 0.521867 -0.56303 -0.0858957 -0.82196 0.348624 -6.673 -0.539771  ,1a7uA.pdb,27 A,93 A,6.70386791338,0.439393939394,0.136363636364,0.424242424242,
RT 0.949263 0.0713578 0.306281 -0.0684963 0.997449 -0.0200952 -0.306933 -0.00190351 0.951729 -1.32498 -4.20347 1.49262  ,1a7uA.pdb,27 A,94 A,4.65323597081,0.432835820896,0.149253731343,0.417910447761,
RT 0.617406 -0.638425 -0.459591 -0.756787 -0.641491 -0.125549 -0.214669 0.425327 -0.879212 -4.64864 -3.96364 2.56728  ,1a7uA.pdb,27 A,95 A,6.62655823184,0.426470588235,0.161764705882,0.411764705882,
RT 0.870456 0.00816344 0.492178 -0.260193 0.856396 0.445967 -0.417859 -0.516256 0.747579 -6.77759 -1.35408 3.30751  ,1a7uA.pdb,27 A,96 A,7.66216868778,0.420289855072,0.173913043478,0.405797101449,
RT 0.905616 0.108144 0.410078 0.0471757 0.935252 -0.350824 -0.421466 0.337058 0.841878 4.03445 -6.37782 -2.40196  ,1a7uA.pdb,28 A,53 A,7.91977588067,0.36,0.12,0.52,
RT 0.597961 -0.698632 -0.392881 -0.593576 -0.715367 0.36867 -0.538619 0.0127544 -0.842453 0.921917 -6.53996 -0.953412  ,1a7uA.pdb,28 A,54 A,6.67308399468,0.346153846154,0.153846153846,0.5,
RT 0.894812 0.113168 0.431861 -0.0579624 0.9886 -0.138962 -0.442664 0.0993136 0.891171 -1.14524 -4.48796 0.9086  ,1a7uA.pdb,28 A,55 A,4.72005900387,0.333333333333,0.185185185185,0.481481481481,
RT 0.743039 -0.339517 -0.576733 -0.505264 -0.849695 -0.150754 -0.438864 0.403419 -0.802902 -4.23895 -4.28757 2.43906  ,1a7uA.pdb,28 A,56 A,6.50391920307,0.321428571429,0.214285714286,0.464285714286,
RT 0.791737 -0.341233 -0.506668 -0.00495683 0.825815 -0.563919 0.610843 0.448987 0.652136 7.10226 2.37445 1.60974  ,1a7uA.pdb,28 A,93 A,7.65972049098,0.446153846154,0.123076923077,0.430769230769,
RT 0.778798 -0.575298 0.250012 -0.623832 -0.752048 0.212739 0.0656327 -0.321646 -0.944582 4.2443 2.39234 -0.595241  ,1a7uA.pdb,28 A,94 A,4.9083314884,0.439393939394,0.136363636364,0.424242424242,
RT 0.95681 -0.0891056 -0.276722 0.0951912 0.995422 0.00860873 0.274688 -0.0345784 0.960912 1.51749 4.57657 -0.825042  ,1a7uA.pdb,28 A,95 A,4.89167404883,0.432835820896,0.149253731343,0.417910447761,
RT 0.838928 -0.535087 0.0994029 -0.485502 -0.81833 -0.30761 0.245943 0.209802 -0.946306 -1.78179 4.24833 -1.77222  ,1a7uA.pdb,28 A,96 A,4.9359777147,0.426470588235,0.161764705882,0.411764705882,
RT 0.995031 -0.00374696 -0.0994982 0.0362182 0.944457 0.326633 0.0927479 -0.328613 0.939899 -4.64684 5.90639 -2.61215  ,1a7uA.pdb,28 A,97 A,7.95624798507,0.420289855072,0.173913043478,0.405797101449,
RT 0.834944 -0.125962 -0.535725 -0.0393792 0.957284 -0.286454 0.548924 0.260269 0.794319 7.3772 2.25896 1.63704  ,1a7uA.pdb,29 A,54 A,7.88706675514,0.36,0.12,0.52,
RT 0.74878 -0.505847 0.428308 -0.595967 -0.796626 0.101043 0.290089 -0.330916 -0.897966 4.49078 2.39509 -0.260591  ,1a7uA.pdb,29 A,55 A,5.09622536786,0.346153846154,0.153846153846,0.5,
RT 0.897427 0.241519 -0.369179 -0.163827 0.959439 0.22943 0.409616 -0.145415 0.900594 1.90196 4.45558 -1.26354  ,1a7uA.pdb,29 A,56 A,5.00661692163,0.333333333333,0.185185185185,0.481481481481,
RT 0.69766 -0.650757 0.299644 -0.57179 -0.757767 -0.314397 0.431656 0.0480086 -0.90076 -1.34046 5.04749 -2.74349  ,1a7uA.pdb,29 A,57 A,5.89921511728,0.357142857143,0.178571428571,0.464285714286,
RT 0.705887 -0.671322 -0.225943 -0.552301 -0.721368 0.417843 -0.443496 -0.170161 -0.879975 1.14904 -6.57793 -1.02152  ,1a7uA.pdb,29 A,95 A,6.75521805718,0.439393939394,0.136363636364,0.424242424242,
RT 0.962005 0.0665918 0.264786 -0.046435 0.995577 -0.0816755 -0.269054 0.0662769 0.960842 -1.28501 -4.67349 0.507749  ,1a7uA.pdb,29 A,96 A,4.8734501126,0.432835820896,0.149253731343,0.417910447761,
RT 0.771937 -0.572497 -0.276333 -0.579213 -0.81255 0.0653789 -0.261964 0.109587 -0.958835 -4.57038 -4.5149 1.42661  ,1a7uA.pdb,29 A,97 A,6.58087881669,0.426470588235,0.161764705882,0.411764705882,
RT 0.818038 -0.378395 -0.433165 0.0210414 -0.732922 0.679987 -0.57478 -0.565369 -0.591596 1.65586 -5.57154 -4.06734  ,1a7uA.pdb,30 A,56 A,7.09416626532,0.307692307692,0.192307692308,0.5,
RT 0.901021 -0.0703674 0.428031 0.343453 0.718451 -0.60487 -0.264956 0.692009 0.671507 -1.29973 -5.64757 -1.99065  ,1a7uA.pdb,30 A,57 A,6.12755979163,0.333333333333,0.185185185185,0.481481481481,
RT 0.799854 -0.540355 0.261247 -0.563814 -0.527222 0.635728 -0.205784 -0.655785 -0.72636 4.5428 2.04799 1.43197  ,1a7uA.pdb,30 A,96 A,5.18476672571,0.424242424242,0.151515151515,0.424242424242,
RT 0.965067 0.0251233 -0.260795 -0.187521 0.761399 -0.62057 0.182978 0.647797 0.739512 1.81119 3.9735 2.13475  ,1a7uA.pdb,30 A,97 A,4.86068040505,0.417910447761,0.164179104478,0.417910447761,
RT 0.727484 -0.443999 -0.523098 -0.629894 -0.734452 -0.252614 -0.27203 0.513269 -0.813974 -1.70138 4.65602 1.46876  ,1a7uA.pdb,30 A,98 A,5.17015338264,0.411764705882,0.161764705882,0.426470588235,
RT -0.799683 -0.242567 -0.549244 -0.501372 -0.233532 0.83312 -0.330353 0.941607 0.0651354 -4.32597 2.96524 4.4557  ,1a7uA.pdb,30 A,101 A,6.8818573801,0.394366197183,0.154929577465,0.450704225352,
RT 0.0860524 0.271154 -0.958682 0.133917 -0.956667 -0.258564 -0.987249 -0.106133 -0.118636 -2.09271 4.36542 5.37828  ,1a7uA.pdb,30 A,102 A,7.23616756301,0.388888888889,0.152777777778,0.458333333333,
RT 0.490846 -0.502626 0.711644 -0.781045 0.108083 0.615051 -0.386057 -0.857721 -0.339521 5.16563 0.85086 3.58953  ,1a7uA.pdb,31 A,57 A,6.34763467758,0.307692307692,0.192307692308,0.5,
RT 0.689941 0.491956 -0.530999 -0.520737 0.84686 0.107985 0.502806 0.202007 0.840464 3.40259 3.65626 4.97619  ,1a7uA.pdb,31 A,58 A,7.05041239929,0.333333333333,0.185185185185,0.481481481481,
RT 0.00167987 -0.650451 -0.759546 -0.991711 0.0965027 -0.0848352 0.128479 0.753393 -0.644897 1.00208 5.46806 3.22678  ,1a7uA.pdb,31 A,59 A,6.42774696142,0.357142857143,0.178571428571,0.464285714286,
RT 0.871733 -0.454685 0.182601 -0.199801 0.0104147 0.979781 -0.447394 -0.890591 -0.0817679 1.60535 -3.09004 -5.95276  ,1a7uA.pdb,31 A,97 A,6.89643697861,0.409090909091,0.166666666667,0.424242424242,
RT 0.961477 0.110238 -0.251812 -0.160569 0.968763 -0.188988 0.223113 0.222141 0.949144 -1.56751 -2.36282 -4.32437  ,1a7uA.pdb,31 A,98 A,5.17109127748,0.402985074627,0.164179104478,0.432835820896,
RT 0.15145 0.987776 -0.0369079 -0.976359 0.143665 -0.161503 -0.154227 0.0604951 0.986182 -4.92081 -1.80281 -5.10251  ,1a7uA.pdb,31 A,99 A,7.31437420426,0.397058823529,0.161764705882,0.441176470588,
RT -0.997093 0.0687083 0.0329202 -0.0598683 -0.439356 -0.896316 -0.0471207 -0.895681 0.442193 -5.45888 1.66604 -4.55457  ,1a7uA.pdb,31 A,100 A,7.30199828814,0.391304347826,0.159420289855,0.449275362319,
RT -0.313195 -0.0442582 -0.948657 0.410897 0.89426 -0.177376 0.856197 -0.445354 -0.261892 -2.56723 1.83966 -4.41791  ,1a7uA.pdb,31 A,101 A,5.43074304308,0.385714285714,0.157142857143,0.457142857143,
RT -0.0161144 0.808093 -0.588835 -0.799792 0.343011 0.492621 0.60006 0.478884 0.640779 -1.69257 0.692153 -6.80901  ,1a7uA.pdb,31 A,102 A,7.05027829238,0.380281690141,0.154929577465,0.464788732394,
RT 0.605703 -0.574518 -0.550502 0.396092 0.817748 -0.417612 0.690097 0.0348992 0.722875 0.42202 0.484973 -7.89442  ,1a7uA.pdb,32 A,59 A,7.92054859211,0.333333333333,0.185185185185,0.481481481481,
RT 0.860157 -0.502985 -0.0844744 0.0478134 -0.0853741 0.995201 -0.507783 -0.860068 -0.0493857 3.15706 -3.85447 2.03706  ,1a7uA.pdb,32 A,98 A,5.38270768294,0.393939393939,0.166666666667,0.439393939394,
RT 0.715092 0.6956 0.0691617 0.0950646 -0.194792 0.976227 0.692536 -0.691518 -0.205421 0.157125 -4.02123 3.80803  ,1a7uA.pdb,32 A,99 A,5.54040079778,0.388059701493,0.164179104478,0.44776119403,
RT -0.754056 0.322229 0.572336 0.185974 -0.73098 0.656568 0.629932 0.601529 0.491273 -2.38349 -4.35898 1.34756  ,1a7uA.pdb,32 A,100 A,5.14758098528,0.382352941176,0.161764705882,0.455882352941,
RT -0.498725 -0.580073 -0.644041 0.754266 -0.656529 0.00723995 -0.427031 -0.482168 0.764957 -0.19666 -4.89832 -0.479295  ,1a7uA.pdb,32 A,101 A,4.92563792823,0.376811594203,0.159420289855,0.463768115942,
RT 0.474636 0.431654 -0.76707 0.787996 0.179891 0.588814 0.392153 -0.88392 -0.254759 1.19612 -7.00475 0.71327  ,1a7uA.pdb,32 A,102 A,7.14184717003,0.371428571429,0.157142857143,0.471428571429,
RT 0.283819 0.522983 -0.803701 0.205276 0.785597 0.583694 0.936648 -0.330644 0.115611 5.41699 -0.924282 3.89719  ,1a7uA.pdb,33 A,99 A,6.73692259121,0.378787878788,0.166666666667,0.454545454545,
RT -0.545284 0.792977 -0.271757 -0.800243 -0.395929 0.45039 0.249553 0.463063 0.850468 4.40862 -1.6536 0.569431  ,1a7uA.pdb,33 A,100 A,4.7428452431,0.373134328358,0.164179104478,0.462686567164,
RT -0.903209 0.267768 -0.335429 0.185695 -0.460793 -0.867864 -0.38695 -0.84615 0.366469 5.98999 0.667176 -0.154293  ,1a7uA.pdb,33 A,101 A,6.02900837618,0.367647058824,0.161764705882,0.470588235294,
RT -0.309496 -0.867314 -0.389844 0.945777 -0.323272 -0.0316418 -0.0985823 -0.378499 0.920337 -3.60817 -3.95666 3.95054  ,1a7uA.pdb,34 A,191 A,6.65438592208,0.331210191083,0.140127388535,0.528662420382,
RT 0.469873 -0.809754 -0.351451 0.796783 0.217693 0.563691 -0.379943 -0.544893 0.747486 -1.74066 3.24363 -6.78032  ,1a7uA.pdb,35 A,62 A,7.71516746416,0.333333333333,0.185185185185,0.481481481481,
RT 0.922103 0.146867 -0.357988 0.0703591 0.846105 0.528352 0.380493 -0.512382 0.769863 -3.44345 0.356133 -5.40343  ,1a7uA.pdb,35 A,63 A,6.41726460418,0.357142857143,0.178571428571,0.464285714286,
RT -0.678987 0.421357 0.601194 -0.733238 -0.430007 -0.526741 0.0365717 -0.798469 0.600924 -1.79494 -6.94039 -2.75898  ,1a7uA.pdb,35 A,190 A,7.6813306139,0.329032258065,0.141935483871,0.529032258065,
RT -0.516801 -0.770873 -0.372387 0.317277 0.231543 -0.919632 0.795143 -0.593417 0.124918 0.124946 -4.86711 -2.86239  ,1a7uA.pdb,35 A,191 A,5.64780222742,0.326923076923,0.141025641026,0.532051282051,
RT 0.658483 0.159222 -0.73556 -0.166958 0.983916 0.0635185 0.733843 0.080982 0.674475 1.581 -5.76102 -5.10266  ,1a7uA.pdb,35 A,192 A,7.85659455489,0.324840764331,0.140127388535,0.535031847134,
RT -0.344119 0.75526 0.557821 -0.777652 -0.562185 0.281435 0.526155 -0.336943 0.780788 -0.282987 -2.60549 -7.43264  ,1a7uA.pdb,35 A,194 A,7.88117009079,0.333333333333,0.138364779874,0.528301886792,
RT -0.767395 -0.352481 0.535595 0.613893 -0.644996 0.4551 0.185043 0.678039 0.711353 -6.18679 -3.79087 1.57673  ,1a7uA.pdb,36 A,58 A,7.42516942568,0.227272727273,0.227272727273,0.545454545455,
RT -0.160173 0.652302 0.740842 0.881817 0.431819 -0.189558 -0.443558 0.622925 -0.644376 -3.5168 -5.92678 0.932915  ,1a7uA.pdb,36 A,59 A,6.9544915702,0.260869565217,0.217391304348,0.521739130435,
RT 0.0786647 -0.82419 -0.560823 -0.995656 -0.0930631 -0.00289102 -0.0498092 0.558614 -0.827931 0.296838 -6.27698 4.53492  ,1a7uA.pdb,36 A,62 A,7.74946049735,0.346153846154,0.192307692308,0.461538461538,
RT 0.800778 -0.233861 -0.551419 -0.255912 -0.965952 0.0380286 -0.541537 0.110662 -0.833361 0.0117608 -2.66878 4.71543  ,1a7uA.pdb,36 A,63 A,5.41828256923,0.37037037037,0.185185185185,0.444444444444,
RT 0.344888 0.691877 0.634317 0.919985 -0.115092 -0.374675 -0.186224 0.712783 -0.67621 -2.83214 -1.75993 6.63865  ,1a7uA.pdb,36 A,64 A,7.42900289406,0.392857142857,0.178571428571,0.428571428571,
RT -0.294678 0.565972 0.769961 0.879149 -0.155217 0.450561 0.374516 0.809681 -0.451835 4.65629 3.76285 4.82693  ,1a7uA.pdb,36 A,190 A,7.69021267586,0.331168831169,0.142857142857,0.525974025974,
RT -0.603213 -0.795136 0.0623931 0.283058 -0.140286 0.948788 -0.745662 0.589982 0.309692 5.48951 1.277 3.76796  ,1a7uA.pdb,36 A,191 A,6.77960242197,0.329032258065,0.141935483871,0.529032258065,
RT -0.680002 -0.382985 -0.625235 -0.262369 -0.669172 0.69525 -0.68466 0.636814 0.354555 -0.656764 -4.05253 -6.52458  ,1a7uA.pdb,37 A,56 A,7.70872732687,0.157894736842,0.263157894737,0.578947368421,
RT -0.440069 0.572103 0.692125 0.0611182 0.788067 -0.612548 -0.895882 -0.227262 -0.38177 1.80009 -3.10458 -4.0509  ,1a7uA.pdb,37 A,57 A,5.41188737872,0.2,0.25,0.55,
RT -0.719917 0.58625 -0.371524 -0.623818 -0.781204 -0.0239105 -0.304254 0.21455 0.928115 3.38076 -3.32411 -0.833017  ,1a7uA.pdb,37 A,58 A,4.81385084937,0.238095238095,0.238095238095,0.52380952381,
RT -0.895778 -0.331359 0.296283 0.271992 0.11859 0.954964 -0.351572 0.936022 -0.016103 5.88556 -1.15367 0.22557  ,1a7uA.pdb,37 A,59 A,6.00180506181,0.272727272727,0.227272727273,0.5,
RT 0.370719 0.921144 -0.118583 0.923999 -0.352915 0.147228 0.0937681 -0.16415 -0.981969 3.18098 -0.684075 5.68793  ,1a7uA.pdb,37 A,63 A,6.55279871505,0.384615384615,0.192307692308,0.423076923077,
RT -0.859373 0.215434 0.463752 0.480189 0.028248 0.87671 0.175773 0.97611 -0.127725 1.8644 -3.96558 5.35492  ,1a7uA.pdb,37 A,64 A,6.91932431672,0.407407407407,0.185185185185,0.407407407407,
RT 0.0494288 0.525897 -0.849111 0.758873 -0.572504 -0.310404 -0.64936 -0.629024 -0.427387 4.50327 6.39624 1.53858  ,1a7uA.pdb,38 A,56 A,7.97236131896,0.166666666667,0.277777777778,0.555555555556,
RT -0.188586 -0.583515 0.789903 0.933939 0.142122 0.327962 -0.303633 0.79957 0.518165 4.32468 3.65442 3.88473  ,1a7uA.pdb,38 A,57 A,6.86649801573,0.210526315789,0.263157894737,0.526315789474,
RT 0.382885 0.919682 -0.0870835 0.396268 -0.248663 -0.88382 -0.834488 0.303893 -0.459651 5.00205 0.299844 4.97534  ,1a7uA.pdb,38 A,58 A,7.0614753416,0.25,0.25,0.5,
RT 0.281046 -0.187204 0.941258 -0.70807 0.621595 0.335047 -0.647804 -0.760641 0.0421432 -0.792276 7.15168 3.06453  ,1a7uA.pdb,40 A,262 A,7.82084100337,0.364864864865,0.148648648649,0.486486486486,
RT -0.291774 -0.916158 -0.274813 0.905354 -0.171848 -0.388334 0.308549 -0.362108 0.879588 -0.263527 -6.13937 3.51857  ,1a7uA.pdb,42 A,262 A,7.08107696611,0.368181818182,0.15,0.481818181818,
RT -0.94431 -0.0054404 0.329013 -0.328724 -0.0294498 -0.943967 0.0148249 -0.999551 0.0260213 6.50425 -2.73632 2.56348  ,1a7uA.pdb,43 A,262 A,7.50760381214,0.369863013699,0.150684931507,0.479452054795,
RT 0.236339 0.401279 0.88494 -0.604922 -0.651958 0.457188 0.760404 -0.643371 0.0886591 7.76049 -0.462971 -1.47493  ,1a7uA.pdb,43 A,265 A,7.91296505742,0.369369369369,0.148648648649,0.481981981982,
RT 0.00444541 0.0884854 0.996068 -0.404386 -0.91084 0.082719 0.914578 -0.403163 0.0317332 3.86576 -1.48211 -5.83715  ,1a7uA.pdb,43 A,269 A,7.1563336982,0.362831858407,0.146017699115,0.491150442478,
RT -0.311073 0.158262 0.937116 -0.426269 -0.904526 0.0112596 0.849428 -0.395961 0.348836 6.02675 -0.641214 -5.06582  ,1a7uA.pdb,47 A,273 A,7.89907254049,0.362831858407,0.146017699115,0.491150442478,
RT -0.295013 0.679606 0.671643 0.602105 -0.413579 0.682951 0.741914 0.605879 -0.287183 -3.63213 -1.29328 -4.54475  ,1a7uA.pdb,61 A,195 A,5.95983833673,0.335820895522,0.126865671642,0.537313432836,
RT 0.900519 0.284983 -0.328405 0.365863 -0.90475 0.21811 -0.234967 -0.316564 -0.919009 -0.140238 -5.46418 -3.95513  ,1a7uA.pdb,61 A,198 A,6.74685007985,0.328467153285,0.124087591241,0.547445255474,
RT -0.0518942 0.823516 0.564914 0.967337 -0.0990956 0.233321 0.248124 0.55857 -0.791476 -2.67122 -6.49246 -3.29474  ,1a7uA.pdb,61 A,199 A,7.75517943055,0.326086956522,0.123188405797,0.550724637681,
RT -0.981221 0.0349568 0.189693 -0.177335 -0.55036 -0.815877 0.0758792 -0.834195 0.546224 -3.72772 -2.09822 -4.297  ,1a7uA.pdb,62 A,194 A,6.06321523616,0.333333333333,0.128787878788,0.537878787879,
RT -0.545273 0.794458 0.267422 0.375107 -0.054047 0.925405 0.749648 0.60491 -0.268536 -0.133255 -1.4486 -4.57496  ,1a7uA.pdb,62 A,195 A,4.80067297366,0.330827067669,0.127819548872,0.541353383459,
RT 0.619301 0.679971 -0.392563 0.753766 -0.65485 0.0548428 -0.219778 -0.329865 -0.918089 4.91901 -3.47612 -4.0262  ,1a7uA.pdb,62 A,198 A,7.24502463764,0.323529411765,0.125,0.551470588235,
RT -0.504443 0.772013 0.386694 0.821842 0.291956 0.489221 0.264787 0.564586 -0.781749 3.17842 -5.59464 -3.4085  ,1a7uA.pdb,62 A,199 A,7.28149448946,0.321167883212,0.124087591241,0.554744525547,
RT -0.663771 0.0544678 0.74595 -0.738857 0.107174 -0.665285 -0.116183 -0.992747 -0.0308952 2.01292 -7.28648 -2.40942  ,1a7uA.pdb,63 A,190 A,7.9341024067,0.322834645669,0.133858267717,0.543307086614,
RT -0.151675 -0.920324 -0.360553 -0.214869 0.38675 -0.896803 0.964793 -0.0585506 -0.256409 3.88978 -5.19732 -2.0809  ,1a7uA.pdb,63 A,191 A,6.81708302722,0.3203125,0.1328125,0.546875,
RT 0.874664 0.246859 -0.417161 -0.420563 0.814387 -0.399875 0.241017 0.525199 0.816135 4.31711 -4.59194 -4.79915  ,1a7uA.pdb,63 A,192 A,7.92181677395,0.317829457364,0.131782945736,0.550387596899,
RT -0.011591 0.28769 0.957654 -0.89559 0.422967 -0.137904 -0.44473 -0.859263 0.252749 1.90237 -3.43086 -5.46454  ,1a7uA.pdb,63 A,193 A,6.72688731881,0.323076923077,0.130769230769,0.546153846154,
RT -0.17183 0.528669 0.831254 -0.978108 -0.192101 -0.0800125 0.117385 -0.826805 0.550104 1.9338 -1.00195 -4.2584  ,1a7uA.pdb,63 A,194 A,4.78304118736,0.328244274809,0.129770992366,0.541984732824,
RT -0.540101 0.324636 -0.776468 -0.350444 0.752067 0.558198 0.765167 0.573592 -0.292425 2.56326 2.58111 -4.68841  ,1a7uA.pdb,63 A,195 A,5.93410658819,0.325757575758,0.128787878788,0.545454545455,
RT 0.943924 0.26502 0.196904 -0.17659 0.909167 -0.377137 -0.278968 0.321217 0.904984 1.76851 5.22779 4.33221  ,1a7uA.pdb,64 A,194 A,7.01609072062,0.323076923077,0.130769230769,0.546153846154,
RT 0.602187 -0.796488 0.05457 -0.798257 -0.599633 0.0568025 -0.0125206 -0.0777667 -0.996893 0.804551 2.18426 6.09377  ,1a7uA.pdb,67 A,195 A,6.52321186227,0.3046875,0.1328125,0.5625,
RT 0.856753 -0.514889 0.0294055 0.501549 0.818565 -0.279999 0.120098 0.254639 0.95955 2.77812 -2.1216 -6.68551  ,1a7uA.pdb,68 A,195 A,7.54421745445,0.299212598425,0.133858267717,0.566929133858,
RT -0.187347 0.302257 0.934635 -0.981769 -0.0265209 -0.188218 -0.0321028 -0.952858 0.301715 -2.72316 -2.61067 -6.65964  ,1a7uA.pdb,68 A,197 A,7.65388750897,0.294573643411,0.131782945736,0.573643410853,
RT -0.325014 -0.943468 0.0650732 -0.10783 -0.0313897 -0.993674 0.939542 -0.329975 -0.0915324 -2.19504 0.156878 -6.56914  ,1a7uA.pdb,68 A,198 A,6.92794601596,0.292307692308,0.130769230769,0.576923076923,
RT 0.785845 0.162465 0.596702 -0.616841 0.274911 0.737517 -0.0442191 -0.947644 0.316252 2.74698 -0.241243 -6.66566  ,1a7uA.pdb,69 A,197 A,7.21353429326,0.2890625,0.1328125,0.578125,
RT -0.0536014 -0.40572 0.912425 -0.35659 -0.845713 -0.397004 0.932722 -0.346642 -0.0993442 0.531729 1.4976 -6.54101  ,1a7uA.pdb,69 A,198 A,6.73129177796,0.286821705426,0.131782945736,0.581395348837,
RT 0.0902841 -0.0422325 0.99502 -0.993631 0.063822 0.0928669 -0.0674262 -0.997067 -0.0362014 2.31539 7.01522 0.630348  ,1a7uA.pdb,70 A,198 A,7.41428492843,0.28125,0.1328125,0.5859375,
RT 0.794728 -0.150381 0.588041 0.606919 0.208868 -0.766827 -0.00750707 0.966312 0.257262 -1.17259 -7.00034 -2.39098  ,1a7uA.pdb,72 A,202 A,7.4897638147,0.261538461538,0.130769230769,0.607692307692,
RT 0.608135 -0.199814 0.768275 0.775325 0.357274 -0.520794 -0.170423 0.912376 0.372192 3.67341 -6.61465 -1.05457  ,1a7uA.pdb,73 A,202 A,7.6393508232,0.263565891473,0.131782945736,0.604651162791,
RT 0.780155 -0.362281 0.51001 0.50423 -0.118396 -0.855415 0.370283 0.924519 0.0903056 -0.989556 -6.5136 1.62965  ,1a7uA.pdb,73 A,205 A,6.78689774492,0.257575757576,0.128787878788,0.613636363636,
RT 0.596754 -0.149053 0.788459 0.30266 -0.868211 -0.393201 0.743157 0.473279 -0.472996 -0.0197025 -2.01053 -7.39266  ,1a7uA.pdb,74 A,104 A,7.66120597556,0.133333333333,0.2,0.666666666667,
RT -0.136388 -0.0420531 0.989763 0.709159 -0.701771 0.0679042 0.691731 0.71116 0.125536 6.9982 -0.937162 1.37677  ,1a7uA.pdb,74 A,205 A,7.19364365256,0.259541984733,0.129770992366,0.610687022901,
RT -0.0298135 -0.996914 0.0726136 0.958531 -0.00791547 0.284879 -0.283425 0.0780956 0.955809 7.37319 -2.88698 -0.525135  ,1a7uA.pdb,74 A,206 A,7.93564118392,0.257575757576,0.128787878788,0.613636363636,
RT 0.76867 -0.035437 -0.638663 0.617935 -0.21679 0.75575 -0.165237 -0.975575 -0.144742 4.81522 -6.25274 0.67236  ,1a7uA.pdb,74 A,208 A,7.92055313725,0.268656716418,0.126865671642,0.60447761194,
RT -0.32266 0.621498 0.713884 -0.156221 -0.778848 0.607446 0.933534 0.0844747 0.348394 2.40846 3.85524 -6.5406  ,1a7uA.pdb,75 A,108 A,7.96511374683,0.121212121212,0.181818181818,0.69696969697,
RT 0.96716 -0.217498 -0.131519 -0.182397 -0.233543 -0.955086 0.177014 0.947709 -0.265544 -5.19682 -5.73222 -0.506218  ,1a7uA.pdb,77 A,104 A,7.75380803219,0.148148148148,0.222222222222,0.62962962963,
RT 0.340117 0.194279 0.920096 0.228212 -0.96623 0.119661 0.912272 0.169278 -0.372968 5.24618 -0.959928 -3.27105  ,1a7uA.pdb,78 A,104 A,6.2564904699,0.153846153846,0.230769230769,0.615384615385,
RT -0.089047 -0.517572 0.850993 0.991162 -0.130388 0.0244126 0.0983239 0.845647 0.524609 4.27945 -1.60859 -5.86406  ,1a7uA.pdb,78 A,105 A,7.43561524018,0.148148148148,0.222222222222,0.62962962963,
RT 0.90968 -0.097937 0.403596 -0.391898 -0.524094 0.756136 0.137469 -0.846011 -0.515139 3.1591 -5.44443 -3.86819  ,1a7uA.pdb,78 A,107 A,7.38814042909,0.137931034483,0.206896551724,0.655172413793,
RT 0.28135 0.0723941 0.956871 0.433183 -0.899351 -0.0593269 0.856268 0.431192 -0.284392 0.59878 -4.34142 -4.2551  ,1a7uA.pdb,78 A,108 A,6.10838317397,0.133333333333,0.2,0.666666666667,
RT -0.381131 0.899037 0.215571 -0.679735 -0.430542 0.593795 0.626657 0.0797827 0.775201 4.83648 4.90236 0.95917  ,1a7uA.pdb,79 A,108 A,6.9530339421,0.137931034483,0.206896551724,0.655172413793,
RT -0.172151 0.482024 0.859079 -0.0503288 -0.875264 0.48102 0.983784 0.0395716 0.174937 7.34874 -2.48861 -0.391577  ,1a7uA.pdb,82 A,108 A,7.76855778121,0.153846153846,0.230769230769,0.615384615385,
RT 0.432111 -0.582262 -0.688659 -0.723911 -0.679349 0.12016 -0.537805 0.446605 -0.715059 -3.68747 -0.209518 -5.70614  ,1a7uA.pdb,91 A,116 A,6.79715690565,0.16,0.28,0.56,
RT 0.612688 -0.181276 0.769255 -0.430959 0.739266 0.517455 -0.662486 -0.648556 0.374817 -4.88255 1.79259 -4.21874  ,1a7uA.pdb,91 A,117 A,6.69704957425,0.153846153846,0.307692307692,0.538461538462,
RT 0.742644 0.652425 -0.151065 -0.666378 0.697536 -0.263408 -0.0664806 0.296285 0.952783 0.204117 -4.83345 3.03534  ,1a7uA.pdb,92 A,116 A,5.71114261773,0.166666666667,0.25,0.583333333333,
RT 0.458126 -0.746683 -0.482271 -0.872743 -0.480781 -0.0846724 -0.168643 0.459689 -0.871921 -1.8498 -2.99045 3.21921  ,1a7uA.pdb,92 A,117 A,4.76737464439,0.16,0.28,0.56,
RT 0.810939 -0.471312 -0.346761 -0.419624 -0.881448 0.216713 -0.407791 -0.0302315 -0.912575 -3.45923 0.0755471 3.81166  ,1a7uA.pdb,92 A,118 A,5.14788451696,0.153846153846,0.307692307692,0.538461538462,
RT 0.921814 -0.330113 -0.203186 0.258455 0.132765 0.956857 -0.288895 -0.934558 0.207704 -5.77207 1.27234 4.9747  ,1a7uA.pdb,92 A,119 A,7.725491829,0.148148148148,0.333333333333,0.518518518519,
RT 0.842211 0.528696 -0.105642 0.416624 -0.513831 0.749935 0.342206 -0.675617 -0.653021 3.75168 5.2348 -0.280294  ,1a7uA.pdb,93 A,116 A,6.44645592555,0.173913043478,0.217391304348,0.608695652174,
RT 0.595546 -0.65735 -0.461752 0.573614 0.750395 -0.328442 0.562398 -0.0692649 0.82396 1.42239 4.08255 -1.22673  ,1a7uA.pdb,93 A,117 A,4.49391510823,0.166666666667,0.25,0.583333333333,
RT 0.868954 -0.319778 -0.377705 0.0189723 0.784169 -0.620257 0.49453 0.531809 0.687474 -0.669806 2.06741 -3.20247  ,1a7uA.pdb,93 A,118 A,3.87022312018,0.16,0.28,0.56,
RT 0.866691 -0.347465 -0.357932 -0.498128 -0.564348 -0.658316 0.026744 0.748852 -0.662197 -3.14811 2.0133 -4.61289  ,1a7uA.pdb,93 A,119 A,5.93655657768,0.153846153846,0.307692307692,0.538461538462,
RT -0.0381105 -0.997598 -0.057849 -0.428055 -0.0360128 0.903035 -0.902949 0.0591776 -0.425654 0.252274 -6.2061 -2.21698  ,1a7uA.pdb,94 A,117 A,6.59501940861,0.173913043478,0.217391304348,0.608695652174,
RT 0.559067 -0.800252 0.21689 -0.323938 0.0299765 0.945603 -0.763222 -0.598914 -0.242473 0.386159 -4.70231 0.955132  ,1a7uA.pdb,94 A,118 A,4.81384866817,0.166666666667,0.25,0.583333333333,
RT 0.946151 0.194828 0.258535 -0.264776 0.925226 0.271753 -0.186258 -0.325574 0.92699 -1.20833 -3.77843 3.13188  ,1a7uA.pdb,94 A,119 A,5.05422951596,0.16,0.28,0.56,
