VIEW:    0 0.386879146099 -0.225247755647 0.894201815128 0.918825268745 0.17625002563 -0.353137403727 -0.0780616477132 0.958232462406 0.275148719549 0.000191569328308 5.89992851019e-06 -255.521881104 4.46279716492 24.7726783752 8.77148342133 224.025680542 287.010772705 -20.0 
FRAMES: 50

VIEW:    1 0.698400378227 -0.125440314412 0.704637885094 0.684295415878 0.405534535646 -0.606049716473 -0.209732085466 0.905438840389 0.369061082602 2.60770320892e-05 -1.23530626297e-05 -194.06854248 -2.5067191124 13.9484710693 -8.98360157013 147.94569397 240.162200928 -20.0 
FRAMES: 50

VIEW:    2 -0.263523161411 -0.0383360348642 0.963898003101 0.916819036007 0.300818830729 0.262612551451 -0.300024926662 0.952917039394 -0.0441266074777 2.60770320892e-05 -1.23530626297e-05 -194.06854248 -2.5067191124 13.9484710693 -8.98360157013 147.94569397 240.162200928 -20.0 
FRAMES: 50
ACTIONS: show surf

VIEW:    3 -0.476869821548 -0.8239107728 0.306242376566 0.345643937588 0.14457270503 0.927171230316 -0.808173775673 0.547985315323 0.215832382441 5.92321157455e-06 0.000188462436199 -194.063323975 0.860576629639 19.9910507202 12.5353975296 147.94569397 240.162200928 -20.0 
FRAMES: 50

VIEW:    4 0.711214601994 -0.666146874428 -0.224556460977 0.60799074173 0.743238568306 -0.279190570116 0.352879881859 0.062036447227 0.933610320091 3.45408916473e-05 -6.10435381532e-06 -244.832519531 10.0795764923 22.1256790161 3.4059252739 213.340133667 276.325256348 -20.0 
FRAMES: 50

VIEW:    5 0.711214601994 -0.666146874428 -0.224556460977 0.60799074173 0.743238568306 -0.279190570116 0.352879881859 0.062036447227 0.933610320091 3.45408916473e-05 -6.10435381532e-06 -244.832519531 10.0795764923 22.1256790161 3.4059252739 213.340133667 276.325256348 -20.0 
FRAMES: 50
ACTIONS: scene slerpy_1
SCENES: slerpy_1

VIEW:    6 0.527844846249 -0.0660425499082 0.846772611141 0.786519169807 0.414308816195 -0.457972407341 -0.320577979088 0.907738566399 0.270633429289 1.43051147461e-06 2.14576721191e-05 -217.370620728 -3.3460111618 7.77181577682 -4.24893093109 149.862548828 284.87689209 -20.0 
FRAMES: 50

VIEW:    7 0.527844846249 -0.0660425499082 0.846772611141 0.786519169807 0.414308816195 -0.457972407341 -0.320577979088 0.907738566399 0.270633429289 1.43051147461e-06 2.14576721191e-05 -217.370620728 -3.3460111618 7.77181577682 -4.24893093109 149.862548828 284.87689209 -20.0 
FRAMES: 50
ACTIONS: scene slerpy_2
SCENES: slerpy_2

VIEW:    8 0.527844846249 -0.0660425499082 0.846772611141 0.786519169807 0.414308816195 -0.457972407341 -0.320577979088 0.907738566399 0.270633429289 1.43051147461e-06 2.14576721191e-05 -217.370620728 -3.3460111618 7.77181577682 -4.24893093109 149.862548828 284.87689209 -20.0 
FRAMES: 50

VIEW:    9 0.527844846249 -0.0660425499082 0.846772611141 0.786519169807 0.414308816195 -0.457972407341 -0.320577979088 0.907738566399 0.270633429289 1.43051147461e-06 2.14576721191e-05 -217.370620728 -3.3460111618 7.77181577682 -4.24893093109 149.862548828 284.87689209 -20.0 
FRAMES: 50

VIEW:   10 0.527844846249 -0.0660425499082 0.846772611141 0.786519169807 0.414308816195 -0.457972407341 -0.320577979088 0.907738566399 0.270633429289 1.43051147461e-06 2.14576721191e-05 -217.370620728 -3.3460111618 7.77181577682 -4.24893093109 149.862548828 284.87689209 -20.0 
FRAMES: 50
ACTIONS: scene slerpy_3
SCENES: slerpy_3

VIEW:   11 0.527844846249 -0.0660425499082 0.846772611141 0.786519169807 0.414308816195 -0.457972407341 -0.320577979088 0.907738566399 0.270633429289 1.43051147461e-06 2.14576721191e-05 -217.370620728 -3.3460111618 7.77181577682 -4.24893093109 149.862548828 284.87689209 -20.0 
FRAMES: 50

VIEW:   12 0.527844846249 -0.0660425499082 0.846772611141 0.786519169807 0.414308816195 -0.457972407341 -0.320577979088 0.907738566399 0.270633429289 1.43051147461e-06 2.14576721191e-05 -217.370620728 -3.3460111618 7.77181577682 -4.24893093109 149.862548828 284.87689209 -20.0 
FRAMES: 50
ACTIONS: scene slerpy_4
SCENES: slerpy_4

VIEW:   13 0.527844846249 -0.0660425499082 0.846772611141 0.786519169807 0.414308816195 -0.457972407341 -0.320577979088 0.907738566399 0.270633429289 1.43051147461e-06 2.14576721191e-05 -217.370620728 -3.3460111618 7.77181577682 -4.24893093109 149.862548828 284.87689209 -20.0 
FRAMES: 50

VIEW:   14 0.527844846249 -0.0660425499082 0.846772611141 0.786519169807 0.414308816195 -0.457972407341 -0.320577979088 0.907738566399 0.270633429289 1.43051147461e-06 2.14576721191e-05 -217.370620728 -3.3460111618 7.77181577682 -4.24893093109 149.862548828 284.87689209 -20.0 
FRAMES: 50
ACTIONS: scene slerpy_5
SCENES: slerpy_5

VIEW:   15 0.527844846249 -0.0660425499082 0.846772611141 0.786519169807 0.414308816195 -0.457972407341 -0.320577979088 0.907738566399 0.270633429289 1.43051147461e-06 2.14576721191e-05 -217.370620728 -3.3460111618 7.77181577682 -4.24893093109 149.862548828 284.87689209 -20.0 
FRAMES: 50

VIEW:   16 0.527844846249 -0.0660425499082 0.846772611141 0.786519169807 0.414308816195 -0.457972407341 -0.320577979088 0.907738566399 0.270633429289 1.43051147461e-06 2.14576721191e-05 -217.370620728 -3.3460111618 7.77181577682 -4.24893093109 149.862548828 284.87689209 -20.0 
FRAMES: 50
ACTIONS: scene slerpy_6
SCENES: slerpy_6

VIEW:   17 0.527844846249 -0.0660425499082 0.846772611141 0.786519169807 0.414308816195 -0.457972407341 -0.320577979088 0.907738566399 0.270633429289 1.43051147461e-06 2.14576721191e-05 -217.370620728 -3.3460111618 7.77181577682 -4.24893093109 149.862548828 284.87689209 -20.0 
FRAMES: 50

VIEW:   18 0.527844846249 -0.0660425499082 0.846772611141 0.786519169807 0.414308816195 -0.457972407341 -0.320577979088 0.907738566399 0.270633429289 1.43051147461e-06 2.14576721191e-05 -217.370620728 -3.3460111618 7.77181577682 -4.24893093109 149.862548828 284.87689209 -20.0 
FRAMES: 50
ACTIONS: scene slerpy_7
SCENES: slerpy_7

VIEW:   19 0.527844846249 -0.0660425499082 0.846772611141 0.786519169807 0.414308816195 -0.457972407341 -0.320577979088 0.907738566399 0.270633429289 1.43051147461e-06 2.14576721191e-05 -217.370620728 -3.3460111618 7.77181577682 -4.24893093109 149.862548828 284.87689209 -20.0 
FRAMES: 50

VIEW:   20 0.527844846249 -0.0660425499082 0.846772611141 0.786519169807 0.414308816195 -0.457972407341 -0.320577979088 0.907738566399 0.270633429289 1.43051147461e-06 2.14576721191e-05 -217.370620728 -3.3460111618 7.77181577682 -4.24893093109 149.862548828 284.87689209 -20.0 
FRAMES: 50
ACTIONS: scene slerpy_8
SCENES: slerpy_8

VIEW:   21 0.527844846249 -0.0660425499082 0.846772611141 0.786519169807 0.414308816195 -0.457972407341 -0.320577979088 0.907738566399 0.270633429289 1.43051147461e-06 2.14576721191e-05 -217.370620728 -3.3460111618 7.77181577682 -4.24893093109 149.862548828 284.87689209 -20.0 
FRAMES: 50

VIEW:   22 0.527844846249 -0.0660425499082 0.846772611141 0.786519169807 0.414308816195 -0.457972407341 -0.320577979088 0.907738566399 0.270633429289 1.43051147461e-06 2.14576721191e-05 -217.370620728 -3.3460111618 7.77181577682 -4.24893093109 149.862548828 284.87689209 -20.0 
FRAMES: 50
ACTIONS: scene slerpy_9
SCENES: slerpy_9

VIEW:   23 0.527844846249 -0.0660425499082 0.846772611141 0.786519169807 0.414308816195 -0.457972407341 -0.320577979088 0.907738566399 0.270633429289 1.43051147461e-06 2.14576721191e-05 -217.370620728 -3.3460111618 7.77181577682 -4.24893093109 149.862548828 284.87689209 -20.0 
FRAMES: 50

VIEW:   24 0.527844846249 -0.0660425499082 0.846772611141 0.786519169807 0.414308816195 -0.457972407341 -0.320577979088 0.907738566399 0.270633429289 1.43051147461e-06 2.14576721191e-05 -217.370620728 -3.3460111618 7.77181577682 -4.24893093109 149.862548828 284.87689209 -20.0 
FRAMES: 50
ACTIONS: scene slerpy_10
SCENES: slerpy_10

VIEW:   25 0.527844846249 -0.0660425499082 0.846772611141 0.786519169807 0.414308816195 -0.457972407341 -0.320577979088 0.907738566399 0.270633429289 1.43051147461e-06 2.14576721191e-05 -217.370620728 -3.3460111618 7.77181577682 -4.24893093109 149.862548828 284.87689209 -20.0 
FRAMES: 50

VIEW:   26 0.527844846249 -0.0660425499082 0.846772611141 0.786519169807 0.414308816195 -0.457972407341 -0.320577979088 0.907738566399 0.270633429289 1.43051147461e-06 2.14576721191e-05 -217.370620728 -3.3460111618 7.77181577682 -4.24893093109 149.862548828 284.87689209 -20.0 
FRAMES: 50
ACTIONS: scene slerpy_11
SCENES: slerpy_11

VIEW:   27 0.527844846249 -0.0660425499082 0.846772611141 0.786519169807 0.414308816195 -0.457972407341 -0.320577979088 0.907738566399 0.270633429289 1.43051147461e-06 2.14576721191e-05 -217.370620728 -3.3460111618 7.77181577682 -4.24893093109 149.862548828 284.87689209 -20.0 
FRAMES: 50

VIEW:   28 0.527844846249 -0.0660425499082 0.846772611141 0.786519169807 0.414308816195 -0.457972407341 -0.320577979088 0.907738566399 0.270633429289 1.43051147461e-06 2.14576721191e-05 -217.370620728 -3.3460111618 7.77181577682 -4.24893093109 149.862548828 284.87689209 -20.0 
FRAMES: 50
ACTIONS: scene slerpy_12
SCENES: slerpy_12

VIEW:   29 0.527844846249 -0.0660425499082 0.846772611141 0.786519169807 0.414308816195 -0.457972407341 -0.320577979088 0.907738566399 0.270633429289 1.43051147461e-06 2.14576721191e-05 -217.370620728 -3.3460111618 7.77181577682 -4.24893093109 149.862548828 284.87689209 -20.0 
FRAMES: 50

VIEW:   30 0.527844846249 -0.0660425499082 0.846772611141 0.786519169807 0.414308816195 -0.457972407341 -0.320577979088 0.907738566399 0.270633429289 1.43051147461e-06 2.14576721191e-05 -217.370620728 -3.3460111618 7.77181577682 -4.24893093109 149.862548828 284.87689209 -20.0 
FRAMES: 50
ACTIONS: scene slerpy_13
SCENES: slerpy_13

VIEW:   31 0.78558754921 -0.0452765822411 0.617097377777 0.569727480412 0.442000836134 -0.692856490612 -0.241386011243 0.895872473717 0.373024255037 4.5970082283e-05 3.69027256966e-05 -264.584777832 2.81141424179 20.9411754608 -1.23317098618 197.07572937 332.089996338 -20.0 
FRAMES: 50

VIEW:   32 0.78558754921 -0.0452765822411 0.617097377777 0.569727480412 0.442000836134 -0.692856490612 -0.241386011243 0.895872473717 0.373024255037 4.5970082283e-05 3.69027256966e-05 -264.584777832 2.81141424179 20.9411754608 -1.23317098618 197.07572937 332.089996338 -20.0 
FRAMES: 50
ACTIONS: scene slerpy_14
SCENES: slerpy_14

VIEW:   33 0.78558754921 -0.0452765822411 0.617097377777 0.569727480412 0.442000836134 -0.692856490612 -0.241386011243 0.895872473717 0.373024255037 4.5970082283e-05 3.69027256966e-05 -264.584777832 2.81141424179 20.9411754608 -1.23317098618 197.07572937 332.089996338 -20.0 
FRAMES: 50

VIEW:   34 0.78558754921 -0.0452765822411 0.617097377777 0.569727480412 0.442000836134 -0.692856490612 -0.241386011243 0.895872473717 0.373024255037 4.5970082283e-05 3.69027256966e-05 -264.584777832 2.81141424179 20.9411754608 -1.23317098618 197.07572937 332.089996338 -20.0 
FRAMES: 50
ACTIONS: scene slerpy_15
SCENES: slerpy_15

VIEW:   35 0.78558754921 -0.0452765822411 0.617097377777 0.569727480412 0.442000836134 -0.692856490612 -0.241386011243 0.895872473717 0.373024255037 4.5970082283e-05 3.69027256966e-05 -264.584777832 2.81141424179 20.9411754608 -1.23317098618 197.07572937 332.089996338 -20.0 
FRAMES: 50

VIEW:   36 0.78558754921 -0.0452765822411 0.617097377777 0.569727480412 0.442000836134 -0.692856490612 -0.241386011243 0.895872473717 0.373024255037 4.5970082283e-05 3.69027256966e-05 -264.584777832 2.81141424179 20.9411754608 -1.23317098618 197.07572937 332.089996338 -20.0 
FRAMES: 50
ACTIONS: scene slerpy_16
SCENES: slerpy_16

VIEW:   37 0.78558754921 -0.0452765822411 0.617097377777 0.569727480412 0.442000836134 -0.692856490612 -0.241386011243 0.895872473717 0.373024255037 4.5970082283e-05 3.69027256966e-05 -264.584777832 2.81141424179 20.9411754608 -1.23317098618 197.07572937 332.089996338 -20.0 
FRAMES: 50

VIEW:   38 0.78558754921 -0.0452765822411 0.617097377777 0.569727480412 0.442000836134 -0.692856490612 -0.241386011243 0.895872473717 0.373024255037 4.5970082283e-05 3.69027256966e-05 -264.584777832 2.81141424179 20.9411754608 -1.23317098618 197.07572937 332.089996338 -20.0 
FRAMES: 50
ACTIONS: scene slerpy_17
SCENES: slerpy_17

VIEW:   39 0.78558754921 -0.0452765822411 0.617097377777 0.569727480412 0.442000836134 -0.692856490612 -0.241386011243 0.895872473717 0.373024255037 4.5970082283e-05 3.69027256966e-05 -264.584777832 2.81141424179 20.9411754608 -1.23317098618 197.07572937 332.089996338 -20.0 
FRAMES: 50

VIEW:   40 0.78558754921 -0.0452765822411 0.617097377777 0.569727480412 0.442000836134 -0.692856490612 -0.241386011243 0.895872473717 0.373024255037 4.5970082283e-05 3.69027256966e-05 -264.584777832 2.81141424179 20.9411754608 -1.23317098618 197.07572937 332.089996338 -20.0 
FRAMES: 50
ACTIONS: scene slerpy_18
SCENES: slerpy_18

VIEW:   41 0.78558754921 -0.0452765822411 0.617097377777 0.569727480412 0.442000836134 -0.692856490612 -0.241386011243 0.895872473717 0.373024255037 4.5970082283e-05 3.69027256966e-05 -264.584777832 2.81141424179 20.9411754608 -1.23317098618 197.07572937 332.089996338 -20.0 
FRAMES: 50

VIEW:   42 0.78558754921 -0.0452765822411 0.617097377777 0.569727480412 0.442000836134 -0.692856490612 -0.241386011243 0.895872473717 0.373024255037 4.5970082283e-05 3.69027256966e-05 -264.584777832 2.81141424179 20.9411754608 -1.23317098618 197.07572937 332.089996338 -20.0 
FRAMES: 50
ACTIONS: scene slerpy_19
SCENES: slerpy_19

VIEW:   43 0.785483062267 -0.0470530763268 0.617097377777 0.570725619793 0.440711259842 -0.692856490612 -0.239359349012 0.896416008472 0.373024255037 0.0 0.0 -341.707458496 2.76767158508 12.1917533875 1.08449554443 269.404754639 414.010162354 -20.0 
FRAMES: 50

VIEW:   44 0.785483062267 -0.0470530763268 0.617097377777 0.570725619793 0.440711259842 -0.692856490612 -0.239359349012 0.896416008472 0.373024255037 0.0 0.0 -341.707458496 2.76767158508 12.1917533875 1.08449554443 269.404754639 414.010162354 -20.0 
FRAMES: 50
ACTIONS: scene slerpy_20
SCENES: slerpy_20

VIEW:   45 0.785483062267 -0.0470530763268 0.617097377777 0.570725619793 0.440711259842 -0.692856490612 -0.239359349012 0.896416008472 0.373024255037 0.0 0.0 -341.707458496 2.76767158508 12.1917533875 1.08449554443 269.404754639 414.010162354 -20.0 
FRAMES: 50

VIEW:   46 0.785483062267 -0.0470530763268 0.617097377777 0.570725619793 0.440711259842 -0.692856490612 -0.239359349012 0.896416008472 0.373024255037 0.0 0.0 -341.707458496 2.76767158508 12.1917533875 1.08449554443 269.404754639 414.010162354 -20.0 
FRAMES: 50
ACTIONS: scene slerpy_21
SCENES: slerpy_21

VIEW:   47 0.785483062267 -0.0470530763268 0.617097377777 0.570725619793 0.440711259842 -0.692856490612 -0.239359349012 0.896416008472 0.373024255037 0.0 0.0 -341.707458496 2.76767158508 12.1917533875 1.08449554443 269.404754639 414.010162354 -20.0 
FRAMES: 50

VIEW:   48 0.785483062267 -0.0470530763268 0.617097377777 0.570725619793 0.440711259842 -0.692856490612 -0.239359349012 0.896416008472 0.373024255037 0.0 0.0 -341.707458496 2.76767158508 12.1917533875 1.08449554443 269.404754639 414.010162354 -20.0 
FRAMES: 50
ACTIONS: scene slerpy_22
SCENES: slerpy_22

VIEW:   49 0.785483062267 -0.0470530763268 0.617097377777 0.570725619793 0.440711259842 -0.692856490612 -0.239359349012 0.896416008472 0.373024255037 0.0 0.0 -341.707458496 2.76767158508 12.1917533875 1.08449554443 269.404754639 414.010162354 -20.0 
FRAMES: 50

VIEW:   50 0.785483062267 -0.0470530763268 0.617097377777 0.570725619793 0.440711259842 -0.692856490612 -0.239359349012 0.896416008472 0.373024255037 0.0 0.0 -341.707458496 2.76767158508 12.1917533875 1.08449554443 269.404754639 414.010162354 -20.0 
FRAMES: 50
ACTIONS: scene slerpy_23
SCENES: slerpy_23

VIEW:   51 0.785483062267 -0.0470530763268 0.617097377777 0.570725619793 0.440711259842 -0.692856490612 -0.239359349012 0.896416008472 0.373024255037 0.0 0.0 -341.707458496 2.76767158508 12.1917533875 1.08449554443 269.404754639 414.010162354 -20.0 
FRAMES: 50

VIEW:   52 0.785483062267 -0.0470530763268 0.617097377777 0.570725619793 0.440711259842 -0.692856490612 -0.239359349012 0.896416008472 0.373024255037 0.0 0.0 -341.707458496 2.76767158508 12.1917533875 1.08449554443 269.404754639 414.010162354 -20.0 
FRAMES: 50
ACTIONS: scene slerpy_24
SCENES: slerpy_24

VIEW:   53 0.785483062267 -0.0470530763268 0.617097377777 0.570725619793 0.440711259842 -0.692856490612 -0.239359349012 0.896416008472 0.373024255037 0.0 0.0 -341.707458496 2.76767158508 12.1917533875 1.08449554443 269.404754639 414.010162354 -20.0 
FRAMES: 50

VIEW:   54 0.785483062267 -0.0470530763268 0.617097377777 0.570725619793 0.440711259842 -0.692856490612 -0.239359349012 0.896416008472 0.373024255037 0.0 0.0 -341.707458496 2.76767158508 12.1917533875 1.08449554443 269.404754639 414.010162354 -20.0 
FRAMES: 50
ACTIONS: scene slerpy_25
SCENES: slerpy_25

VIEW:   55 0.785483062267 -0.0470530763268 0.617097377777 0.570725619793 0.440711259842 -0.692856490612 -0.239359349012 0.896416008472 0.373024255037 0.0 0.0 -341.707458496 2.76767158508 12.1917533875 1.08449554443 269.404754639 414.010162354 -20.0 
FRAMES: 50

VIEW:   56 0.785483062267 -0.0470530763268 0.617097377777 0.570725619793 0.440711259842 -0.692856490612 -0.239359349012 0.896416008472 0.373024255037 0.0 0.0 -341.707458496 2.76767158508 12.1917533875 1.08449554443 269.404754639 414.010162354 -20.0 
FRAMES: 50
ACTIONS: scene slerpy_26
SCENES: slerpy_26

VIEW:   57 0.785483062267 -0.0470530763268 0.617097377777 0.570725619793 0.440711259842 -0.692856490612 -0.239359349012 0.896416008472 0.373024255037 0.0 0.0 -341.707458496 2.76767158508 12.1917533875 1.08449554443 269.404754639 414.010162354 -20.0 
FRAMES: 50

VIEW:   58 0.785483062267 -0.0470530763268 0.617097377777 0.570725619793 0.440711259842 -0.692856490612 -0.239359349012 0.896416008472 0.373024255037 0.0 0.0 -341.707458496 2.76767158508 12.1917533875 1.08449554443 269.404754639 414.010162354 -20.0 
FRAMES: 50
ACTIONS: scene slerpy_27
SCENES: slerpy_27

VIEW:   59 0.785483062267 -0.0470530763268 0.617097377777 0.570725619793 0.440711259842 -0.692856490612 -0.239359349012 0.896416008472 0.373024255037 0.0 0.0 -341.707458496 2.76767158508 12.1917533875 1.08449554443 269.404754639 414.010162354 -20.0 
FRAMES: 50

VIEW:   60 0.785483062267 -0.0470530763268 0.617097377777 0.570725619793 0.440711259842 -0.692856490612 -0.239359349012 0.896416008472 0.373024255037 0.0 0.0 -341.707458496 2.76767158508 12.1917533875 1.08449554443 269.404754639 414.010162354 -20.0 
FRAMES: 50
ACTIONS: scene slerpy_28
SCENES: slerpy_28

VIEW:   61 0.785483062267 -0.0470530763268 0.617097377777 0.570725619793 0.440711259842 -0.692856490612 -0.239359349012 0.896416008472 0.373024255037 0.0 0.0 -341.707458496 2.76767158508 12.1917533875 1.08449554443 269.404754639 414.010162354 -20.0 
FRAMES: 50

VIEW:   62 0.785483062267 -0.0470530763268 0.617097377777 0.570725619793 0.440711259842 -0.692856490612 -0.239359349012 0.896416008472 0.373024255037 0.0 0.0 -341.707458496 2.76767158508 12.1917533875 1.08449554443 269.404754639 414.010162354 -20.0 
FRAMES: 50
ACTIONS: scene slerpy_29
SCENES: slerpy_29

VIEW:   63 0.785483062267 -0.0470530763268 0.617097377777 0.570725619793 0.440711259842 -0.692856490612 -0.239359349012 0.896416008472 0.373024255037 0.0 0.0 -341.707458496 2.76767158508 12.1917533875 1.08449554443 269.404754639 414.010162354 -20.0 
FRAMES: 50

VIEW:   64 0.785483062267 -0.0470530763268 0.617097377777 0.570725619793 0.440711259842 -0.692856490612 -0.239359349012 0.896416008472 0.373024255037 0.0 0.0 -341.707458496 2.76767158508 12.1917533875 1.08449554443 269.404754639 414.010162354 -20.0 
FRAMES: 50
ACTIONS: scene slerpy_30
SCENES: slerpy_30

VIEW:   65 0.785483062267 -0.0470530763268 0.617097377777 0.570725619793 0.440711259842 -0.692856490612 -0.239359349012 0.896416008472 0.373024255037 0.0 0.0 -341.707458496 2.76767158508 12.1917533875 1.08449554443 269.404754639 414.010162354 -20.0 
FRAMES: 50

VIEW:   66 0.785483062267 -0.0470530763268 0.617097377777 0.570725619793 0.440711259842 -0.692856490612 -0.239359349012 0.896416008472 0.373024255037 0.0 0.0 -341.707458496 2.76767158508 12.1917533875 1.08449554443 269.404754639 414.010162354 -20.0 
FRAMES: 50
ACTIONS: scene slerpy_31
SCENES: slerpy_31

VIEW:   67 0.785483062267 -0.0470530763268 0.617097377777 0.570725619793 0.440711259842 -0.692856490612 -0.239359349012 0.896416008472 0.373024255037 0.0 0.0 -341.707458496 2.76767158508 12.1917533875 1.08449554443 269.404754639 414.010162354 -20.0 
FRAMES: 50

VIEW:   68 0.785483062267 -0.0470530763268 0.617097377777 0.570725619793 0.440711259842 -0.692856490612 -0.239359349012 0.896416008472 0.373024255037 0.0 0.0 -341.707458496 2.76767158508 12.1917533875 1.08449554443 269.404754639 414.010162354 -20.0 
FRAMES: 50
ACTIONS: scene slerpy_32
SCENES: slerpy_32

VIEW:   69 0.785483062267 -0.0470530763268 0.617097377777 0.570725619793 0.440711259842 -0.692856490612 -0.239359349012 0.896416008472 0.373024255037 0.0 0.0 -341.707458496 2.76767158508 12.1917533875 1.08449554443 269.404754639 414.010162354 -20.0 
FRAMES: 50

VIEW:   70 0.785483062267 -0.0470530763268 0.617097377777 0.570725619793 0.440711259842 -0.692856490612 -0.239359349012 0.896416008472 0.373024255037 0.0 0.0 -341.707458496 2.76767158508 12.1917533875 1.08449554443 269.404754639 414.010162354 -20.0 
FRAMES: 50
ACTIONS: scene slerpy_33
SCENES: slerpy_33

VIEW:   71 0.785483062267 -0.0470530763268 0.617097377777 0.570725619793 0.440711259842 -0.692856490612 -0.239359349012 0.896416008472 0.373024255037 0.0 0.0 -341.707458496 2.76767158508 12.1917533875 1.08449554443 269.404754639 414.010162354 -20.0 
FRAMES: 50

VIEW:   72 0.785483062267 -0.0470530763268 0.617097377777 0.570725619793 0.440711259842 -0.692856490612 -0.239359349012 0.896416008472 0.373024255037 0.0 0.0 -341.707458496 2.76767158508 12.1917533875 1.08449554443 269.404754639 414.010162354 -20.0 
FRAMES: 50
ACTIONS: scene slerpy_34
SCENES: slerpy_34

VIEW:   73 0.785483062267 -0.0470530763268 0.617097377777 0.570725619793 0.440711259842 -0.692856490612 -0.239359349012 0.896416008472 0.373024255037 0.0 0.0 -341.707458496 2.76767158508 12.1917533875 1.08449554443 269.404754639 414.010162354 -20.0 
FRAMES: 50

VIEW:   74 0.785483062267 -0.0470530763268 0.617097377777 0.570725619793 0.440711259842 -0.692856490612 -0.239359349012 0.896416008472 0.373024255037 0.0 0.0 -341.707458496 2.76767158508 12.1917533875 1.08449554443 269.404754639 414.010162354 -20.0 
FRAMES: 50
ACTIONS: scene slerpy_35
SCENES: slerpy_35

VIEW:   75 0.785483062267 -0.0470530763268 0.617097377777 0.570725619793 0.440711259842 -0.692856490612 -0.239359349012 0.896416008472 0.373024255037 0.0 0.0 -341.707458496 2.76767158508 12.1917533875 1.08449554443 269.404754639 414.010162354 -20.0 
FRAMES: 50

VIEW:   76 0.785483062267 -0.0470530763268 0.617097377777 0.570725619793 0.440711259842 -0.692856490612 -0.239359349012 0.896416008472 0.373024255037 0.0 0.0 -341.707458496 2.76767158508 12.1917533875 1.08449554443 269.404754639 414.010162354 -20.0 
FRAMES: 50
ACTIONS: scene slerpy_36
SCENES: slerpy_36

VIEW:   77 0.785483062267 -0.0470530763268 0.617097377777 0.570725619793 0.440711259842 -0.692856490612 -0.239359349012 0.896416008472 0.373024255037 0.0 0.0 -341.707458496 2.76767158508 12.1917533875 1.08449554443 269.404754639 414.010162354 -20.0 
FRAMES: 50

VIEW:   78 0.785483062267 -0.0470530763268 0.617097377777 0.570725619793 0.440711259842 -0.692856490612 -0.239359349012 0.896416008472 0.373024255037 0.0 0.0 -341.707458496 2.76767158508 12.1917533875 1.08449554443 269.404754639 414.010162354 -20.0 
FRAMES: 50
ACTIONS: scene slerpy_37
SCENES: slerpy_37

VIEW:   79 0.785483062267 -0.0470530763268 0.617097377777 0.570725619793 0.440711259842 -0.692856490612 -0.239359349012 0.896416008472 0.373024255037 0.0 0.0 -341.707458496 2.76767158508 12.1917533875 1.08449554443 269.404754639 414.010162354 -20.0 
FRAMES: 50

VIEW:   80 0.785483062267 -0.0470530763268 0.617097377777 0.570725619793 0.440711259842 -0.692856490612 -0.239359349012 0.896416008472 0.373024255037 0.0 0.0 -341.707458496 2.76767158508 12.1917533875 1.08449554443 269.404754639 414.010162354 -20.0 
FRAMES: 50
ACTIONS: scene slerpy_38
SCENES: slerpy_38

VIEW:   81 0.785483062267 -0.0470530763268 0.617097377777 0.570725619793 0.440711259842 -0.692856490612 -0.239359349012 0.896416008472 0.373024255037 0.0 0.0 -341.707458496 2.76767158508 12.1917533875 1.08449554443 269.404754639 414.010162354 -20.0 
FRAMES: 50

VIEW:   82 0.785483062267 -0.0470530763268 0.617097377777 0.570725619793 0.440711259842 -0.692856490612 -0.239359349012 0.896416008472 0.373024255037 0.0 0.0 -341.707458496 2.76767158508 12.1917533875 1.08449554443 269.404754639 414.010162354 -20.0 
FRAMES: 50
ACTIONS: scene slerpy_39
SCENES: slerpy_39

VIEW:   83 0.785483062267 -0.0470530763268 0.617097377777 0.570725619793 0.440711259842 -0.692856490612 -0.239359349012 0.896416008472 0.373024255037 0.0 0.0 -341.707458496 2.76767158508 12.1917533875 1.08449554443 269.404754639 414.010162354 -20.0 
FRAMES: 50

VIEW:   84 0.785483062267 -0.0470530763268 0.617097377777 0.570725619793 0.440711259842 -0.692856490612 -0.239359349012 0.896416008472 0.373024255037 0.0 0.0 -341.707458496 2.76767158508 12.1917533875 1.08449554443 269.404754639 414.010162354 -20.0 
FRAMES: 50
ACTIONS: scene slerpy_40
SCENES: slerpy_40

VIEW:   85 0.785483062267 -0.0470530763268 0.617097377777 0.570725619793 0.440711259842 -0.692856490612 -0.239359349012 0.896416008472 0.373024255037 0.0 0.0 -341.707458496 2.76767158508 12.1917533875 1.08449554443 269.404754639 414.010162354 -20.0 
FRAMES: 50

VIEW:   86 0.785483062267 -0.0470530763268 0.617097377777 0.570725619793 0.440711259842 -0.692856490612 -0.239359349012 0.896416008472 0.373024255037 0.0 0.0 -341.707458496 2.76767158508 12.1917533875 1.08449554443 269.404754639 414.010162354 -20.0 
FRAMES: 50
ACTIONS: scene slerpy_41
SCENES: slerpy_41

VIEW:   87 0.785483062267 -0.0470530763268 0.617097377777 0.570725619793 0.440711259842 -0.692856490612 -0.239359349012 0.896416008472 0.373024255037 0.0 0.0 -341.707458496 2.76767158508 12.1917533875 1.08449554443 269.404754639 414.010162354 -20.0 
FRAMES: 50

VIEW:   88 0.785483062267 -0.0470530763268 0.617097377777 0.570725619793 0.440711259842 -0.692856490612 -0.239359349012 0.896416008472 0.373024255037 0.0 0.0 -341.707458496 2.76767158508 12.1917533875 1.08449554443 269.404754639 414.010162354 -20.0 
FRAMES: 50
ACTIONS: scene slerpy_42
SCENES: slerpy_42

VIEW:   89 0.785483062267 -0.0470530763268 0.617097377777 0.570725619793 0.440711259842 -0.692856490612 -0.239359349012 0.896416008472 0.373024255037 0.0 0.0 -483.516052246 2.76767158508 12.1917533875 1.08449554443 411.213348389 555.818725586 -20.0 
FRAMES: 50

VIEW:   90 0.785483062267 -0.0470530763268 0.617097377777 0.570725619793 0.440711259842 -0.692856490612 -0.239359349012 0.896416008472 0.373024255037 0.0 0.0 -483.516052246 2.76767158508 12.1917533875 1.08449554443 411.213348389 555.818725586 -20.0 
FRAMES: 50
ACTIONS: scene slerpy_43
SCENES: slerpy_43

VIEW:   91 0.785483062267 -0.0470530763268 0.617097377777 0.570725619793 0.440711259842 -0.692856490612 -0.239359349012 0.896416008472 0.373024255037 0.0 0.0 -251.248687744 2.76767158508 12.1917533875 1.08449554443 178.945968628 323.551361084 -20.0 
FRAMES: 50

VIEW:   92 0.785483062267 -0.0470530763268 0.617097377777 0.570725619793 0.440711259842 -0.692856490612 -0.239359349012 0.896416008472 0.373024255037 0.0 0.0 -251.248687744 2.76767158508 12.1917533875 1.08449554443 178.945968628 323.551361084 -20.0 
FRAMES: 50
ACTIONS: scene slerpy_44
SCENES: slerpy_44

VIEW:   93 0.969177305698 0.0725200399756 0.235470116138 0.113253429532 0.717626571655 -0.68716698885 -0.218811944127 0.692647278309 0.687287867069 1.34259462357e-05 6.84354454279e-05 -185.904083252 0.213141679764 9.00538539886 -0.783223390579 113.599853516 258.20513916 -20.0 
FRAMES: 50

VIEW:   94 0.969177305698 0.0725200399756 0.235470116138 0.113253429532 0.717626571655 -0.68716698885 -0.218811944127 0.692647278309 0.687287867069 1.34259462357e-05 6.84354454279e-05 -185.904083252 0.213141679764 9.00538539886 -0.783223390579 113.599853516 258.20513916 -20.0 
FRAMES: 50
ACTIONS: scene slerpy_45
SCENES: slerpy_45

VIEW:   95 0.969177305698 0.0725200399756 0.235470116138 0.113253429532 0.717626571655 -0.68716698885 -0.218811944127 0.692647278309 0.687287867069 1.34259462357e-05 6.84354454279e-05 -185.904083252 0.213141679764 9.00538539886 -0.783223390579 113.599853516 258.20513916 -20.0 
FRAMES: 50

VIEW:   96 0.969177305698 0.0725200399756 0.235470116138 0.113253429532 0.717626571655 -0.68716698885 -0.218811944127 0.692647278309 0.687287867069 1.34259462357e-05 6.84354454279e-05 -185.904083252 0.213141679764 9.00538539886 -0.783223390579 113.599853516 258.20513916 -20.0 
FRAMES: 50
ACTIONS: scene slerpy_46
SCENES: slerpy_46

VIEW:   97 0.969177305698 0.0725200399756 0.235470116138 0.113253429532 0.717626571655 -0.68716698885 -0.218811944127 0.692647278309 0.687287867069 1.34259462357e-05 6.84354454279e-05 -185.904083252 0.213141679764 9.00538539886 -0.783223390579 113.599853516 258.20513916 -20.0 
FRAMES: 50

VIEW:   98 0.969177305698 0.0725200399756 0.235470116138 0.113253429532 0.717626571655 -0.68716698885 -0.218811944127 0.692647278309 0.687287867069 1.34259462357e-05 6.84354454279e-05 -185.904083252 0.213141679764 9.00538539886 -0.783223390579 113.599853516 258.20513916 -20.0 
FRAMES: 50
ACTIONS: scene slerpy_47
SCENES: slerpy_47

